** Base-MNB for Sentiments **

Confusion matrix:

labels: 
['ambiguous' 'negative' 'neutral' 'positive']

[[ 882  588 1419  882]
 [ 306 4175 2058 1235]
 [ 690 1922 5401 3054]
 [ 307  956 2206 8283]]



Classification report:
              precision    recall  f1-score   support

    negative       0.40      0.23      0.30      3771
     neutral       0.55      0.54      0.54      7774
    positive       0.49      0.49      0.49     11067
   ambiguous       0.62      0.70      0.66     11752

    accuracy                           0.55     34364
   macro avg       0.51      0.49      0.50     34364
weighted avg       0.54      0.55      0.54     34364

** Base-MNB for Emotions **

Confusion matrix:

labels: 
['admiration' 'amusement' 'anger' 'annoyance' 'approval' 'caring'
 'confusion' 'curiosity' 'desire' 'disappointment' 'disapproval' 'disgust'
 'embarrassment' 'excitement' 'fear' 'gratitude' 'grief' 'joy' 'love'
 'nervousness' 'neutral' 'optimism' 'pride' 'realization' 'relief'
 'remorse' 'sadness' 'surprise']

[[ 962   15    5    8   37    5    2   10    0    3    3    0    1    3
     0   54    0   16   40    0  947   11    0    2    0    0    0   10]
 [  34  332    6   11   11    0    2    4    1    1    7    0    0    2
     0    9    0   11   10    0  779    3    0    0    0    0    2    8]
 [   6   10  126   67   14    1    1    5    0    4   12    6    0    1
     0    5    0    2    0    0  794    2    0    0    0    1    1    4]
 [  28   19   51   97   42    3    4    9    0    5   31   11    0    2
     0    8    0    1    4    0 1346    4    0    5    0    0    9    9]
 [ 104   15    6   27  221   11    7    8    2    3   26    3    0    3
     1   18    0    6   12    0 1735   11    0    5    0    0    1    1]
 [  15    1    1    5   11   34    2    6    0    1    4    1    0    0
     0   20    0    4    4    0  543   15    0    0    0    1    1    0]
 [  12    8    4    7   13    0   58   26    0    1   13    1    0    0
     1    8    0    2    3    0  800    0    0    7    0    0    0    1]
 [  13    5    1    8   17    2   17  124    1    0   11    0    0    0
     0    5    0    1    2    0  921    2    0   10    0    0    0    3]
 [  14    4    2    5    8    1    2    1    7    0    1    1    0    2
     0    2    0    0    7    0  366   14    0    0    0    0    0    2]
 [  16    8    6   16   23    1    2    0    0   41   10    5    0    0
     0    2    0    1    6    0  809    4    0    2    0    1   13    4]
 [  12   13   11   40   42    3    9    2    0    5  114    5    1    0
     1   10    0    4    1    0 1250    2    0    6    0    0    3    3]
 [  13    5   22   32    9    0    2    0    0    5   17   51    0    0
     1    3    0    1    1    0  413    4    0    3    0    0    2    1]
 [   3    2    2   12    7    1    3    2    0    0    6    3    2    1
     0    2    0    0    1    0  252    2    0    1    0    0    0    1]
 [  56    5    6    0   13    0    1   13    0    0    4    0    0   18
     0   14    0   33    4    0  414    5    0    1    0    0    3    7]
 [   7    3    0    5   14    2    0    1    0    2    1    0    0    0
     5    0    0    0    0    0  273    2    0    2    0    0    0    0]
 [  77    5    0    2    7    8    0    2    0    2    3    0    0    1
     0  956    0   16    5    0  312    7    0    2    0    2    2    0]
 [   1    0    1    0    3    0    0    1    0    0    1    0    0    0
     1    2    0    0    0    0   44    0    0    0    0    0    4    0]
 [  71   55    1    6   18    5    0    1    0    1    2    0    0    7
     0   26    0   89   28    0  496    6    0    2    0    0    0    0]
 [  60   10    0    2    8    1    0    2    0    0    2    0    0    1
     0    3    0   10  350    0  545    6    0    2    0    1    0    1]
 [   3    0    2    6    8    3    1    2    0    2    3    0    0    0
     2    1    0    0    0    0  150    1    0    0    0    0    2    1]
 [ 298  103   85  152  262   44   53   89    9   59  165   24    3   17
    12   86    2   52   60    0 9335   42    0   42    0    2   37   34]
 [  43    4    0    3   14    8    2    5    3    0    6    0    0    0
     0   15    0    9    5    0  667  129    0    0    0    0    1    0]
 [  24    2    0    2    5    1    0    0    0    2    4    0    0    0
     0    5    0    4    0    0  104    3    0    1    0    0    0    0]
 [  20    9    3   10   32    0    3    1    0    2   10    0    0    2
     0    5    0    5    4    0  832    2    0   26    0    0    1    5]
 [  17    1    0    1    3    2    2    0    0    0    1    0    0    0
     0    8    0    4    2    0  113    0    0    2    0    0    0    0]
 [   2    3    3    4    5    3    0    0    0    5    1    1    1    0
     0   17    0    0    1    0  190    1    0    2    0   18   15    0]
 [  15    4    3   11   10    3    1    2    1   18    8    2    0    0
     0    8    0    5    1    0  618    4    0    2    0    9   70    0]
 [  39    7    9    6   11    0    4   20    0    3    9    1    0    4
     1    2    0    3    1    0  520    0    0    3    0    0    2   46]]



Classification report:
                precision    recall  f1-score   support

       sadness       0.49      0.45      0.47      2134
       neutral       0.51      0.27      0.35      1233
          love       0.35      0.12      0.18      1062
     gratitude       0.18      0.06      0.09      1688
   disapproval       0.25      0.10      0.14      2226
     amusement       0.24      0.05      0.08       669
disappointment       0.33      0.06      0.10       965
   realization       0.37      0.11      0.17      1143
    admiration       0.29      0.02      0.03       439
     annoyance       0.25      0.04      0.07       970
     confusion       0.24      0.07      0.11      1537
      optimism       0.44      0.09      0.15       585
    excitement       0.25      0.01      0.01       303
        caring       0.28      0.03      0.05       597
       remorse       0.20      0.02      0.03       317
           joy       0.74      0.68      0.71      1409
      approval       0.00      0.00      0.00        58
 embarrassment       0.32      0.11      0.16       814
      surprise       0.63      0.35      0.45      1004
     curiosity       0.00      0.00      0.00       187
         anger       0.37      0.84      0.51     11067
         grief       0.46      0.14      0.22       914
       disgust       0.00      0.00      0.00       157
         pride       0.20      0.03      0.05       972
        desire       0.00      0.00      0.00       156
        relief       0.51      0.07      0.12       272
          fear       0.41      0.09      0.15       795
   nervousness       0.33      0.07      0.11       691

      accuracy                           0.38     34364
     macro avg       0.31      0.14      0.16     34364
  weighted avg       0.36      0.38      0.31     34364


** Top-MNB for Sentiments with hyper-parameter values of alpha= 0.5,0,0.1,0.01**

Confusion matrix:

labels: 
['ambiguous' 'negative' 'neutral' 'positive']

[[1099  594 1268  810]
 [ 407 4259 1924 1184]
 [ 887 2020 5212 2948]
 [ 406 1029 2139 8178]]



Classification report:
              precision    recall  f1-score   support

    negative       0.39      0.29      0.33      3771
     neutral       0.54      0.55      0.54      7774
    positive       0.49      0.47      0.48     11067
   ambiguous       0.62      0.70      0.66     11752

    accuracy                           0.55     34364
   macro avg       0.51      0.50      0.50     34364
weighted avg       0.54      0.55      0.54     34364


** Top-MNB for Emotions with hyper-parameter values of alpha= 0.5, 0, 0.1, 0.01**

Confusion matrix:

labels: 
['admiration' 'amusement' 'anger' 'annoyance' 'approval' 'caring'
 'confusion' 'curiosity' 'desire' 'disappointment' 'disapproval' 'disgust'
 'embarrassment' 'excitement' 'fear' 'gratitude' 'grief' 'joy' 'love'
 'nervousness' 'neutral' 'optimism' 'pride' 'realization' 'relief'
 'remorse' 'sadness' 'surprise']

[[1094   23    8   15   51   11    3   18    3    7    9    2    1   14
     0   72    0   40   68    0  643   20    0    8    0    0    2   22]
 [  45  506    9   21   18    2    3    8    3    1   10    1    2    9
     0   15    0   25   12    0  523    4    0    3    0    0    3   10]
 [   9   14  202   93   20    6    3   12    1    6   29   15    1    3
     1    5    0    3    3    0  609    5    0    5    0    1    8    8]
 [  33   35   96  161   57   12   23   18    5   20   52   20    1    4
     0   11    0    3   10    0 1060   12    0   16    0    1   21   17]
 [ 130   24   19   47  300   33   17   17   10   14   55    5    0    8
     2   35    0   18   28    0 1394   29    0   24    0    0   14    3]
 [  15    5    4    8   15   89    2    6    1    8    9    2    0    0
     0   27    1    8    7    0  419   31    0    1    0    4    7    0]
 [  17   12    7   19   16    4  127   55    1    4   22    3    0    1
     1    9    0    3   11    0  626    3    0   14    0    1    1    8]
 [  21   12    7   16   19    4   44  204    3    5   17    1    0    5
     2    8    0    2    5    0  736    6    0   12    0    0    2   12]
 [  10    6    3    6   16    4    3    3   43    1    3    1    0    2
     0    3    0    6   16    0  281   29    0    0    0    1    0    2]
 [  21   14   10   31   40    7    9    4    2   82   27    9    2    0
     4    8    0    1    8    0  622   12    0   12    0    2   35    8]
 [  25   23   17   64   69    9   32    4    0   18  215   19    3    2
     3   12    0    7    4    0  966   10    0   13    0    1   15    6]
 [  18   10   37   46   16    0    5    2    0   10   23   96    1    0
     7    3    0    1    1    0  289    5    0    2    0    0    9    4]
 [   7    5    3   24    6    3    7    6    0    6    9    5   10    1
     1    4    0    1    3    0  192    2    0    3    0    2    1    2]
 [  59   13   13    3   17    0    3   16    0    2    7    1    0   41
     0   16    0   42   16    1  313    9    0    6    0    0    4   15]
 [  10    7    0    9   11    6    1    2    0    3    5    3    0    0
    51    0    0    0    0    1  194    3    0    5    0    0    4    2]
 [  80    8    0    3    8   10    2    3    0    3    3    0    0    2
     0 1056    0   26    9    0  167   17    0    2    0    6    4    0]
 [   2    0    1    1    3    1    0    1    0    0    1    0    0    0
     2    1    0    0    0    0   33    1    0    1    0    1    7    2]
 [  77   73    5    6   22   11    0    3    1    1    7    0    0    9
     1   30    0  172   41    0  334    7    0    5    0    1    5    3]
 [  80   14    1    1   10    6    1    3    1    0    4    0    0    0
     0   13    0   20  489    0  347    8    0    2    0    1    0    3]
 [   3    0    2    8    8   10    1    3    0    7    4    0    1    2
     6    1    0    0    0    1  116    6    0    1    0    0    6    1]
 [ 368  181  148  265  382  146  134  179   30  101  319   60   10   42
    35  109    2  102   89    3 7979  109    3  113    3    8   74   73]
 [  46   10    0   10   24   19    6    8   14    3   12    1    0    1
     1   23    0   14   10    0  489  209    0    3    1    0    5    5]
 [  29    2    1    5    3    2    2    0    0    3    4    2    0    0
     1    4    0    7    0    0   84    4    3    1    0    0    0    0]
 [  25   17    6   21   49    9   11    5    1   10   25    0    0    3
     0   11    0    9    9    0  672    7    1   59    0    5    3   14]
 [  19    2    0    2    6    9    1    1    0    1    1    0    0    0
     0   12    0    8    2    0   86    1    0    3    1    0    0    1]
 [   2    4    2    4    5   10    2    1    1   11    4    2    0    0
     0   13    0    0    3    0  138    1    1    3    0   46   19    0]
 [  17    9    5   13   19   10    2    3    4   40   14    4    0    0
     2   16    0    7    3    0  455    6    0    6    0   21  136    3]
 [  44   11   16    9   16    3    7   27    0    5   11    2    0    9
     4    4    0    6    2    0  394    4    0    9    0    0    3  105]]



Classification report:
                precision    recall  f1-score   support

       sadness       0.47      0.51      0.49      2134
       neutral       0.49      0.41      0.45      1233
          love       0.32      0.19      0.24      1062
     gratitude       0.18      0.10      0.12      1688
   disapproval       0.24      0.13      0.17      2226
     amusement       0.20      0.13      0.16       669
disappointment       0.28      0.13      0.18       965
   realization       0.33      0.18      0.23      1143
    admiration       0.35      0.10      0.15       439
     annoyance       0.22      0.08      0.12       970
     confusion       0.24      0.14      0.18      1537
      optimism       0.38      0.16      0.23       585
    excitement       0.31      0.03      0.06       303
        caring       0.26      0.07      0.11       597
       remorse       0.41      0.16      0.23       317
           joy       0.69      0.75      0.72      1409
      approval       0.00      0.00      0.00        58
 embarrassment       0.32      0.21      0.26       814
      surprise       0.58      0.49      0.53      1004
     curiosity       0.17      0.01      0.01       187
         anger       0.40      0.72      0.51     11067
         grief       0.37      0.23      0.28       914
       disgust       0.38      0.02      0.04       157
         pride       0.18      0.06      0.09       972
        desire       0.20      0.01      0.01       156
        relief       0.45      0.17      0.25       272
          fear       0.35      0.17      0.23       795
   nervousness       0.32      0.15      0.21       691

      accuracy                           0.39     34364
     macro avg       0.32      0.20      0.22     34364
  weighted avg       0.36      0.39      0.35     34364

** Base-DT for Sentiments **

Confusion matrix:

labels: 
['ambiguous' 'negative' 'neutral' 'positive']

[[1778  596  902  495]
 [ 890 4651 1526  707]
 [1607 2519 5229 1712]
 [ 866 1331 2524 7031]]



Classification report:
              precision    recall  f1-score   support

    negative       0.35      0.47      0.40      3771
     neutral       0.51      0.60      0.55      7774
    positive       0.51      0.47      0.49     11067
   ambiguous       0.71      0.60      0.65     11752

    accuracy                           0.54     34364
   macro avg       0.52      0.54      0.52     34364
weighted avg       0.56      0.54      0.55     34364

** Base-DT for Emotions **

Confusion matrix:

labels: 
['admiration' 'amusement' 'anger' 'annoyance' 'approval' 'caring'
 'confusion' 'curiosity' 'desire' 'disappointment' 'disapproval' 'disgust'
 'embarrassment' 'excitement' 'fear' 'gratitude' 'grief' 'joy' 'love'
 'nervousness' 'neutral' 'optimism' 'pride' 'realization' 'relief'
 'remorse' 'sadness' 'surprise']

[[1198   50   19   47  132   23   12   18   13   14   14    7    4   49
     8   75    1   49   82    3  249   25    7   11    3    1    0   20]
 [  60  700   20   48   41    7    8   11    9    8   18    6    5   19
     3    8    1   42   15    1  169    6    0    8    0    2    3   15]
 [  18   27  379  165   33   12   20   29    5   32   40   41    4    7
     9    2    1    5    1    0  202    2    0    9    0    4    4   11]
 [  53   65  234  376  103   25   43   35   12   76   90   57   14   10
     9    5    4   11   10    3  390   10    0   10    2    7   17   17]
 [ 195   52   53  134  621   69   45   44   38   50   60   18   11   25
     7   27    1   35   39    4  615   28    1   21    7    4    7   15]
 [  40   13   21   45   78  156    9   12    8   15   20    0    3    3
     4   14    4   11   12    1  142   27    0    5    0    9   13    4]
 [  19   28   29   57   45   11  292  119    7   17   26    6    5    8
     6    5    0    2   10    3  239    5    0   13    1    0    1   11]
 [  27   19   36   66   49   11  169  392    9   10   18    2    5   16
     7    6    0    3    8    0  257    5    2    3    1    2    1   19]
 [  19   11    9   16   34   12    9   10  123   12    7    1    2   15
     2    2    1    5    9    2  106   20    0    5    1    1    3    2]
 [  26   19   51  111   58   23   18   12    9  171   59   30    7    5
    10    4    1    8    8   11  245    1    1   14    3    7   41   17]
 [  32   32   93  163  120   21   69   24    7   82  363   25   12    6
    10    9    4    9    6    1  378   15    0   20    1    5   21    9]
 [  12   19   70  101   27    3   10    3    3   32   40  129    5    4
    17    3    1    2    1    1   93    3    0    3    1    0    2    0]
 [   7    7   20   33   24    5   12    5    3   15   11   12   45    1
     2    5    0    3    2    2   74    1    0    4    0    6    1    3]
 [  76   36   17   19   34    5   11   30    8    6    5    3    1  117
     1   10    0   36   11    4  129    8    1    7    1    0    3   18]
 [   7    7   14   21   15    4    3    7    3   13   11   14    3    2
   126    1    1    0    0    7   48    1    0    3    1    0    3    2]
 [ 110   12    4   17   34   23    2    9    2    8    8    1    1   14
     0 1044    0   25    8    0   51   10    3    2    6   11    2    2]
 [   4    0    1    4    4    1    2    1    1    4    1    1    0    0
     2    0    5    0    0    0   14    0    1    2    0    2    8    0]
 [ 100  107   10   19   49   15    3    9    8    4    5    2    1   45
     6   27    3  215   50    0  112    4    3    3    6    1    5    2]
 [ 149   23    1   11   52   19    6    6   18    7    5    5    1   16
     2   12    0   49  520    1   86    4    0    3    0    3    3    2]
 [   3    3    8   17   14   15    4    4    1   16    6    3    2    0
    15    1    0    0    0   25   38    1    0    0    0    0    8    3]
 [ 553  339  410  702 1035  257  415  410  153  287  513  117   51  146
    87   83   11  143  114   43 4763   99    6  131   14   28   77   80]
 [  72   17   18   35   92   45   21   14   47   18   19    1    2   12
     6   17    2   21   13    0  203  210    2    6    4    3    7    7]
 [  40    5    3    7   15    4    3    0    1    4    3    0    2    3
     2    2    0    6    0    0   43    6    5    1    1    0    1    0]
 [  56   49   27   70  112   24   26   11   10   36   45    4    5    6
    10   10    2   14    8    2  342    8    0   64    1   10    5   15]
 [  20    4    2    6   24   13    2    2    0    3    2    0    0    1
     0    9    0   12    3    0   32    2    0    2   16    0    1    0]
 [   4    4    5   17   19    9   10    4    3   26    4    1    6    1
     0   12    5    0    1    0   34    1    0    4    0   81   20    1]
 [  19   14   30   66   54   22   13    3    9   87   50   16   13    6
    15    5    4    3    5    8  132    2    1   16    0   54  147    1]
 [  63   16   23   31   39    5   23   35    4   19   17    9    9   32
     7    4    1   16    2    1  163    4    0   10    0    0    5  153]]



Classification report:
                precision    recall  f1-score   support

       sadness       0.40      0.56      0.47      2134
       neutral       0.42      0.57      0.48      1233
          love       0.24      0.36      0.28      1062
     gratitude       0.16      0.22      0.18      1688
   disapproval       0.21      0.28      0.24      2226
     amusement       0.19      0.23      0.21       669
disappointment       0.23      0.30      0.26       965
   realization       0.31      0.34      0.33      1143
    admiration       0.24      0.28      0.26       439
     annoyance       0.16      0.18      0.17       970
     confusion       0.25      0.24      0.24      1537
      optimism       0.25      0.22      0.24       585
    excitement       0.21      0.15      0.17       303
        caring       0.21      0.20      0.20       597
       remorse       0.34      0.40      0.37       317
           joy       0.74      0.74      0.74      1409
      approval       0.09      0.09      0.09        58
 embarrassment       0.30      0.26      0.28       814
      surprise       0.55      0.52      0.54      1004
     curiosity       0.20      0.13      0.16       187
         anger       0.51      0.43      0.47     11067
         grief       0.41      0.23      0.30       914
       disgust       0.15      0.03      0.05       157
         pride       0.17      0.07      0.09       972
        desire       0.23      0.10      0.14       156
        relief       0.34      0.30      0.32       272
          fear       0.36      0.18      0.24       795
   nervousness       0.36      0.22      0.27       691

      accuracy                           0.36     34364
     macro avg       0.29      0.28      0.28     34364
  weighted avg       0.38      0.36      0.36     34364

** Top-DT for Sentiments with hyper-parameter values of criterion=entropy & max_depth=5, 10 & min_samples_split=2, 4, 6**

Confusion matrix:

labels: 
['ambiguous' 'negative' 'neutral' 'positive']

[[   28    19  3570   154]
 [    2   354  7067   351]
 [   13    55 10400   599]
 [    8    66  7863  3815]]



Classification report:
              precision    recall  f1-score   support

    negative       0.55      0.01      0.01      3771
     neutral       0.72      0.05      0.09      7774
    positive       0.36      0.94      0.52     11067
   ambiguous       0.78      0.32      0.46     11752

    accuracy                           0.42     34364
   macro avg       0.60      0.33      0.27     34364
weighted avg       0.60      0.42      0.35     34364

**Top-DT for Emotions with hyper-parameter values of criterion=entropy & max_depth=5, 10 & min_samples_split=2, 4, 6**

Confusion matrix:

labels: 
['admiration' 'amusement' 'anger' 'annoyance' 'approval' 'caring'
 'confusion' 'curiosity' 'desire' 'disappointment' 'disapproval' 'disgust'
 'embarrassment' 'excitement' 'fear' 'gratitude' 'grief' 'joy' 'love'
 'nervousness' 'neutral' 'optimism' 'pride' 'realization' 'relief'
 'remorse' 'sadness' 'surprise']

[[  448     7     0     0     0     0     0     0     0     0     0     0
      0     0     0    15     0    36    88     0  1515    24     0     0
      0     1     0     0]
 [   32   384     0     0     1     0     0     0     2     0     0     0
      2     0     0     4     0     9    16     0   776     4     0     1
      0     2     0     0]
 [   18     5     1     0     0     1     0     0     0     0     0     0
      0     0     0     5     0     8     3     0  1011     3     0     0
      0     6     1     0]
 [   28    25     1     1     0     1     0     1     0     0     1     0
      0     0     0     8     0     9    14     0  1582    11     0     0
      0     6     0     0]
 [   94    13     0     0     1     2     0     1     0     1     0     0
      0     0     0    11     0    21    31     0  2027    21     0     0
      0     3     0     0]
 [   34     3     1     0     0     1     0     0     0     0     0     0
      0     0     0     1     0    10    13     0   560    31     0     0
      0    15     0     0]
 [   16     8     0     0     0     0     1     1     1     0     0     0
      0     0     0     6     0     8     9     0   912     0     0     0
      0     3     0     0]
 [   16     9     0     0     0     1     1     1     0     0     0     0
      0     0     0     6     0     7    13     0  1084     2     0     0
      0     3     0     0]
 [   13     4     1     0     0     1     0     0     0     0     0     0
      0     0     0     1     0     4    21     0   371    23     0     0
      0     0     0     0]
 [   17    12     0     1     0     2     0     0     1     0     0     0
      0     0     0     3     0     4     6     0   906     6     0     0
      0    12     0     0]
 [   23    14     0     1     0     1     0     0     0     0     1     0
      0     0     0     9     0     7    13     0  1441    10     0     0
      0    16     1     0]
 [    8     5     0     0     0     0     0     0     0     0     0     0
      0     0     0     1     0     2     2     0   561     3     0     0
      0     2     1     0]
 [    2     5     0     0     0     0     0     0     0     0     0     0
      0     0     0     1     0     0     4     0   283     2     0     0
      0     5     1     0]
 [   14     4     0     0     0     0     0     0     0     0     0     0
      0     0     0     1     0    40    10     0   524     4     0     0
      0     0     0     0]
 [    4     4     0     0     0     0     0     0     0     0     0     0
      0     0     0     0     0     0     2     0   304     2     0     0
      0     1     0     0]
 [   49     3     1     2     1     2     1     0     1     0     3     0
      0     0     0  1020     0    46    13     0   223    19     0     1
      2    22     0     0]
 [    2     0     0     0     0     0     0     0     0     0     0     0
      0     0     0     0     0     0     1     0    50     0     0     0
      0     5     0     0]
 [   46    28     0     0     0     0     0     0     0     0     0     0
      0     0     0     4     0   174    46     0   508     6     1     0
      0     1     0     0]
 [   12    12     1     1     3     1     0     0     0     0     0     0
      0     0     0     8     0     7   614     0   338     5     0     0
      0     2     0     0]
 [    1     0     0     0     0     0     0     0     0     0     0     0
      0     0     0     1     0     0     0     0   183     1     0     0
      0     1     0     0]
 [  232   115     1     3     0     5     4     2     0     1     2     0
      0     0     0    49     0    57   125     0 10377    58     1     0
      0    35     0     0]
 [   40     6     0     0     0    11     0     0     0     0     0     0
      0     0     0     3     0     9    16     0   582   243     0     0
      0     3     1     0]
 [   13     1     0     0     0     0     0     0     0     0     0     0
      0     0     0     1     0     8     0     0   132     2     0     0
      0     0     0     0]
 [   25    10     0     0     0     0     0     0     0     0     0     0
      0     0     0     4     0     3    10     0   912     2     0     0
      0     6     0     0]
 [   15     2     0     0     1     0     0     0     0     0     0     0
      0     0     0     4     0    18     2     0   111     0     0     0
      3     0     0     0]
 [    1     2     0     0     0     1     0     0     0     0     0     0
      1     0     0     3     2     0     0     0   107     1     0     1
      0   145     8     0]
 [   14     5     0     0     0     2     0     0     0     0     0     0
      0     0     0     2     0     3     4     0   672     8     0     0
      0    80     5     0]
 [   10     4     0     0     0     0     0     0     0     0     0     0
      0     0     0     2     0     4     3     0   666     0     0     0
      0     2     0     0]]



Classification report:
                precision    recall  f1-score   support

       sadness       0.37      0.21      0.27      2134
       neutral       0.56      0.31      0.40      1233
          love       0.14      0.00      0.00      1062
     gratitude       0.11      0.00      0.00      1688
   disapproval       0.14      0.00      0.00      2226
     amusement       0.03      0.00      0.00       669
disappointment       0.14      0.00      0.00       965
   realization       0.17      0.00      0.00      1143
    admiration       0.00      0.00      0.00       439
     annoyance       0.00      0.00      0.00       970
     confusion       0.14      0.00      0.00      1537
      optimism       0.00      0.00      0.00       585
    excitement       0.00      0.00      0.00       303
        caring       0.00      0.00      0.00       597
       remorse       0.00      0.00      0.00       317
           joy       0.87      0.72      0.79      1409
      approval       0.00      0.00      0.00        58
 embarrassment       0.35      0.21      0.27       814
      surprise       0.57      0.61      0.59      1004
     curiosity       0.00      0.00      0.00       187
         anger       0.36      0.94      0.52     11067
         grief       0.49      0.27      0.35       914
       disgust       0.00      0.00      0.00       157
         pride       0.00      0.00      0.00       972
        desire       0.60      0.02      0.04       156
        relief       0.38      0.53      0.45       272
          fear       0.28      0.01      0.01       795
   nervousness       0.00      0.00      0.00       691

      accuracy                           0.39     34364
     macro avg       0.20      0.14      0.13     34364
  weighted avg       0.28      0.39      0.27     34364

** Base-MLP for Sentiments **

Confusion matrix:

labels: 
['ambiguous' 'negative' 'neutral' 'positive']

[[ 849  575 1725  622]
 [ 216 4226 2402  930]
 [ 537 1801 6594 2135]
 [ 217  869 2671 7995]]



Classification report:
              precision    recall  f1-score   support

    negative       0.47      0.23      0.30      3771
     neutral       0.57      0.54      0.55      7774
    positive       0.49      0.60      0.54     11067
   ambiguous       0.68      0.68      0.68     11752

    accuracy                           0.57     34364
   macro avg       0.55      0.51      0.52     34364
weighted avg       0.57      0.57      0.57     34364

** Base-MLP for Emotions **

Confusion matrix:

labels: 
['admiration' 'amusement' 'anger' 'annoyance' 'approval' 'caring'
 'confusion' 'curiosity' 'desire' 'disappointment' 'disapproval' 'disgust'
 'embarrassment' 'excitement' 'fear' 'gratitude' 'grief' 'joy' 'love'
 'nervousness' 'neutral' 'optimism' 'pride' 'realization' 'relief'
 'remorse' 'sadness' 'surprise']

[[1013   23    6    3   29    4    1    8    3    0    3    4    0    1
     3   50    0   40   82    0  798   22    0    2    0    0    2   37]
 [  28  708   10    4    2    0    0    2    1    1    2    1    0    0
     1   12    0   20   12    0  411    4    0    1    0    1    0   12]
 [   6   14  226   31    2    3    1    5    0    1    8    9    0    0
     4    5    0    5    4    0  722    3    0    0    0    3    3    7]
 [  20   45   90   66   11    4    4   10    6    0   19   15    0    1
     3   10    0    6   15    0 1321   13    0    1    0    6    6   16]
 [  92   30    6   10  147   20   10    7    5    3   13    5    0    1
     5   19    0   23   34    0 1754   22    0    3    0    5    5    7]
 [  21    6    5    1    3   54    2    3    3    0    5    2    0    0
     4   17    0   10   12    0  473   28    0    0    0   12    6    2]
 [  14   16    7    5    5    2   80   24    0    0    7    0    0    1
     3    7    0    6    8    0  762    1    0    4    0    1    3    9]
 [  12   11    6    1    2    1   14  129    1    0    3    1    1    1
     2    9    0    6   14    0  908    2    0    0    0    2    3   14]
 [   8    7    0    0    5    1    2    1   77    0    0    1    0    1
     1    1    0    5   21    0  278   28    0    0    0    0    1    1]
 [  10   17   12    6    9    1    4    4    4    9   11    7    0    0
     4    7    0    3    7    0  793    6    0    0    0   12   38    6]
 [  10   23   13   14   17    5   16    2    1    2   49    9    1    1
     7   12    0    7   12    0 1295   11    0    1    0   12   12    5]
 [   5   11   39   18    2    0    2    1    1    1    9   97    1    0
     9    2    0    1    1    0  373    2    0    0    0    2    3    5]
 [   3    6    7   10    3    3    4    1    0    0    4    4    2    1
     2    3    0    0    4    0  233    4    0    0    0    6    2    1]
 [  53   11    7    0    6    0    3    9    0    0    0    0    0   38
     0   11    0   43   15    0  366    8    0    1    0    0    2   24]
 [   2    5    2    4    1    1    0    1    0    0    1    3    0    0
   100    0    0    0    1    0  190    4    0    0    0    0    1    1]
 [  81    7    0    1    1   10    1    1    1    0    0    0    0    0
     0 1093    0   40    7    0  133   12    0    0    0   16    5    0]
 [   1    0    1    0    0    1    0    0    0    0    0    0    0    0
     2    2    0    0    0    0   46    0    0    0    0    3    2    0]
 [  51   97    5    1    6    0    0    3    0    0    0    1    0    4
     2   31    0  206   56    0  339    5    0    0    0    0    2    5]
 [  51   12    4    0    3    1    0    0    1    0    2    0    0    0
     1    9    0   17  631    0  263    5    0    0    0    1    2    1]
 [   2    1    4    3    3    4    0    0    0    1    0    0    0    0
     9    1    0    1    0    0  151    3    0    0    0    0    3    1]
 [ 213  208   92   60   78   51   46   68   25    8   75   25    2   10
    32   70    0   73  114    0 9627   68    0    8    0   28   35   51]
 [  40   13    1    4   11   10    2    3   18    1    6    1    0    0
     0   31    0   14   15    0  470  263    0    2    0    0    5    4]
 [  24    2    0    0    2    0    0    0    0    1    0    0    0    0
     0    3    0    7    0    0  113    2    0    0    0    0    2    1]
 [  13   17    3    4    8    1    1    2    2    1    1    2    0    0
     4    6    0    2    8    0  842    4    0   18    0    6    3   24]
 [  15    3    0    0    2    3    1    0    0    0    0    0    0    0
     1   11    0   12    2    0  104    1    0    0    0    0    1    0]
 [   2    5    3    1    1    1    0    0    3    0    1    0    0    0
     1    6    0    0    0    0   97    1    0    0    0  137   13    0]
 [   9   11    5    6    4    4    0    0    3    5    1    6    0    0
     7    7    0    4    6    0  492    7    0    2    0   76  138    2]
 [  32    9    9    2    4    1    2   10    2    1    1    2    0    1
     1    6    0    6    3    0  442    2    0    0    0    2    2  151]]



Classification report:
                precision    recall  f1-score   support

       sadness       0.55      0.47      0.51      2134
       neutral       0.54      0.57      0.56      1233
          love       0.40      0.21      0.28      1062
     gratitude       0.26      0.04      0.07      1688
   disapproval       0.40      0.07      0.11      2226
     amusement       0.29      0.08      0.13       669
disappointment       0.41      0.08      0.14       965
   realization       0.44      0.11      0.18      1143
    admiration       0.49      0.18      0.26       439
     annoyance       0.26      0.01      0.02       970
     confusion       0.22      0.03      0.06      1537
      optimism       0.50      0.17      0.25       585
    excitement       0.29      0.01      0.01       303
        caring       0.62      0.06      0.12       597
       remorse       0.48      0.32      0.38       317
           joy       0.76      0.78      0.77      1409
      approval       0.00      0.00      0.00        58
 embarrassment       0.37      0.25      0.30       814
      surprise       0.58      0.63      0.60      1004
     curiosity       0.00      0.00      0.00       187
         anger       0.40      0.87      0.55     11067
         grief       0.50      0.29      0.36       914
       disgust       0.00      0.00      0.00       157
         pride       0.42      0.02      0.04       972
        desire       0.00      0.00      0.00       156
        relief       0.41      0.50      0.45       272
          fear       0.46      0.17      0.25       795
   nervousness       0.39      0.22      0.28       691

      accuracy                           0.44     34364
     macro avg       0.37      0.22      0.24     34364
  weighted avg       0.42      0.44      0.36     34364

** Top-MLP for Sentiments with hyper-parameter values of activation, hidden_layer_sizes, solver & max-iter**

Confusion matrix:

labels: 
['ambiguous' 'negative' 'neutral' 'positive']

[[ 863  531 1758  619]
 [ 242 4196 2435  901]
 [ 518 1843 6503 2203]
 [ 243  895 2634 7980]]



Classification report:
              precision    recall  f1-score   support

    negative       0.46      0.23      0.31      3771
     neutral       0.56      0.54      0.55      7774
    positive       0.49      0.59      0.53     11067
   ambiguous       0.68      0.68      0.68     11752

    accuracy                           0.57     34364
   macro avg       0.55      0.51      0.52     34364
weighted avg       0.57      0.57      0.56     34364

** Top-MLP for Emotions with hyper-parameter values of activation, hidden_layer_sizes, solver & max-iter**

Confusion matrix:

labels: 
['admiration' 'amusement' 'anger' 'annoyance' 'approval' 'caring'
 'confusion' 'curiosity' 'desire' 'disappointment' 'disapproval' 'disgust'
 'embarrassment' 'excitement' 'fear' 'gratitude' 'grief' 'joy' 'love'
 'nervousness' 'neutral' 'optimism' 'pride' 'realization' 'relief'
 'remorse' 'sadness' 'surprise']

[[1161   24    8    2    8    5    0    5    4    0    1    4    0    1
     6   30    0   34   72    0  710   19    0    0    0    0    2   38]
 [  37  677   11    5    3    0    0    3    0    0    1    1    0    0
     0    8    0   17   12    0  432    3    0    0    0    1    3   19]
 [   9   14  258   14    1    1    0    5    0    2   10   10    0    0
     3    5    0    6    3    0  705    2    0    0    0    2    7    5]
 [  22   43  117   25    3    3    2    8    4    2   17   15    0    1
     4    9    0    6   13    0 1350   11    0    0    0    4   11   18]
 [ 120   32   12    5   97   10    2    6    3    0    5    5    0    0
     3   16    0   23   32    0 1814   22    0    0    0    3   11    5]
 [  31    5    6    1    1   31    1    3    1    0    1    1    0    0
     1    5    0   10   14    0  498   36    0    0    0   14    6    3]
 [  18   15    9    3    4    0   39   31    1    0   10    2    0    0
     2    7    0    6    8    0  794    1    0    1    0    3    3    8]
 [  23   13   12    0    0    1    3  116    2    0    0    2    0    1
     3    6    0    4   10    0  917    3    0    0    0    4    4   19]
 [  15   10    0    0    2    3    1    2   77    0    1    1    0    0
     2    1    0    3   22    0  274   23    0    1    0    0    1    0]
 [  12   17   18    3    4    2    3    4    4    5    9    6    0    0
     4    7    0    1    7    0  790    8    0    1    0   10   50    5]
 [  16   23   25    5    6    2    6    3    1    0   26    8    0    0
     5   10    0    5    9    0 1346    8    0    0    0   12   17    4]
 [   5   12   52    5    0    0    0    1    1    1    6   99    0    0
     6    1    0    2    1    0  366    3    0    0    0    1   18    5]
 [   4    6   13    1    4    2    0    2    0    1    2    7    0    0
     4    2    0    0    5    0  235    1    0    0    0    6    7    1]
 [  70   17    8    0    4    0    1    7    0    0    0    0    0   24
     1    8    0   42   15    0  364    7    0    0    0    0    1   28]
 [   3    4    6    1    0    1    0    1    0    0    1    2    0    0
    90    0    0    0    1    0  195    6    0    0    0    0    4    2]
 [  99    7    0    1    1    3    1    1    1    0    0    0    0    0
     0 1074    0   40   13    0  131   16    0    0    0   18    3    0]
 [   1    0    1    0    0    0    0    0    0    0    0    0    0    0
     2    1    0    0    0    0   43    1    0    0    0    4    4    1]
 [  99   94    6    3    2    0    0    4    0    1    0    0    0    3
     2   23    0  194   53    0  315    5    0    0    0    0    4    6]
 [  70   19    4    0    2    1    0    0    0    0    2    0    0    0
     0    7    0    9  610    0  270    5    0    0    0    2    1    2]
 [   2    1    5    3    0    2    0    0    1    2    1    0    0    0
     8    1    0    0    0    0  151    3    0    0    0    0    6    1]
 [ 309  194  113   24   33   26   17   62   28    4   50   28    0    6
    26   61    0   61  118    0 9696   67    0    2    0   29   58   55]
 [  61   11    2    1    5    4    1    3   17    0    2    0    0    1
     0    6    0   12   10    0  494  272    0    1    0    0    7    4]
 [  29    1    1    0    1    0    0    0    0    1    0    0    0    0
     1    4    0    7    0    0  107    2    0    0    0    0    2    1]
 [  28   18    7    1    4    0    3    2    2    0    1    1    0    0
     4    6    0    2    5    0  847    4    0    1    0    5    5   26]
 [  23    2    0    0    2    1    1    1    0    0    1    0    0    0
     0   10    0    9    3    0   98    1    0    0    0    0    4    0]
 [   1    5    3    0    1    0    0    0    3    1    1    1    0    0
     1    3    0    0    0    0   92    1    0    0    0  133   26    0]
 [  13   10    5    4    1    1    0    1    6    1    2    7    0    0
     6    8    0    3    6    0  480    6    0    0    0   70  164    1]
 [  34    9   10    1    2    0    0   13    1    1    2    2    0    0
     0    4    0    6    3    0  438    3    0    0    0    1    3  158]]



Classification report:
                precision    recall  f1-score   support

       sadness       0.50      0.54      0.52      2134
       neutral       0.53      0.55      0.54      1233
          love       0.36      0.24      0.29      1062
     gratitude       0.23      0.01      0.03      1688
   disapproval       0.51      0.04      0.08      2226
     amusement       0.31      0.05      0.08       669
disappointment       0.48      0.04      0.07       965
   realization       0.41      0.10      0.16      1143
    admiration       0.49      0.18      0.26       439
     annoyance       0.23      0.01      0.01       970
     confusion       0.17      0.02      0.03      1537
      optimism       0.49      0.17      0.25       585
    excitement       0.00      0.00      0.00       303
        caring       0.65      0.04      0.08       597
       remorse       0.49      0.28      0.36       317
           joy       0.81      0.76      0.79      1409
      approval       0.00      0.00      0.00        58
 embarrassment       0.39      0.24      0.29       814
      surprise       0.58      0.61      0.60      1004
     curiosity       0.00      0.00      0.00       187
         anger       0.40      0.88      0.55     11067
         grief       0.50      0.30      0.37       914
       disgust       0.00      0.00      0.00       157
         pride       0.14      0.00      0.00       972
        desire       0.00      0.00      0.00       156
        relief       0.41      0.49      0.45       272
          fear       0.38      0.21      0.27       795
   nervousness       0.38      0.23      0.29       691

      accuracy                           0.44     34364
     macro avg       0.35      0.21      0.23     34364
  weighted avg       0.41      0.44      0.35     34364

** Part 3 - Base-MLP for Sentiment **



Classification report:
              precision    recall  f1-score   support

    negative       0.00      0.00      0.00      3771
     neutral       0.00      0.00      0.00      7774
    positive       0.00      0.00      0.00     11067
   ambiguous       0.34      1.00      0.51     11752

    accuracy                           0.34     34364
   macro avg       0.09      0.25      0.13     34364
weighted avg       0.12      0.34      0.17     34364

** Part 3 - Base-MLP for Emotions **



Classification report:
                precision    recall  f1-score   support

       sadness       0.00      0.00      0.00      2134
       neutral       0.00      0.00      0.00      1233
          love       0.00      0.00      0.00      1062
     gratitude       0.00      0.00      0.00      1688
   disapproval       0.00      0.00      0.00      2226
     amusement       0.00      0.00      0.00       669
disappointment       0.00      0.00      0.00       965
   realization       0.00      0.00      0.00      1143
    admiration       0.00      0.00      0.00       439
     annoyance       0.00      0.00      0.00       970
     confusion       0.00      0.00      0.00      1537
      optimism       0.00      0.00      0.00       585
    excitement       0.00      0.00      0.00       303
        caring       0.00      0.00      0.00       597
       remorse       0.00      0.00      0.00       317
           joy       0.00      0.00      0.00      1409
      approval       0.00      0.00      0.00        58
 embarrassment       0.00      0.00      0.00       814
      surprise       0.00      0.00      0.00      1004
     curiosity       0.00      0.00      0.00       187
         anger       0.32      1.00      0.49     11067
         grief       0.00      0.00      0.00       914
       disgust       0.00      0.00      0.00       157
         pride       0.00      0.00      0.00       972
        desire       0.00      0.00      0.00       156
        relief       0.00      0.00      0.00       272
          fear       0.00      0.00      0.00       795
   nervousness       0.00      0.00      0.00       691

      accuracy                           0.32     34364
     macro avg       0.01      0.04      0.02     34364
  weighted avg       0.10      0.32      0.16     34364

** Part 3 - Top-MLP for Sentiments with hyper-parameter values of activation, hidden_layer_sizes & max-iter**



Classification report:
              precision    recall  f1-score   support

    negative       0.00      0.00      0.00      3771
     neutral       0.00      0.00      0.00      7774
    positive       0.00      0.00      0.00     11067
   ambiguous       0.34      1.00      0.51     11752

    accuracy                           0.34     34364
   macro avg       0.09      0.25      0.13     34364
weighted avg       0.12      0.34      0.17     34364

** Part 3 - Top-MLP for Emotions with hyper-parameter values of activation, hidden_layer_sizes, solver & max-iter**



Classification report:
                precision    recall  f1-score   support

       sadness       0.00      0.00      0.00      2134
       neutral       0.00      0.00      0.00      1233
          love       0.00      0.00      0.00      1062
     gratitude       0.00      0.00      0.00      1688
   disapproval       0.00      0.00      0.00      2226
     amusement       0.00      0.00      0.00       669
disappointment       0.00      0.00      0.00       965
   realization       0.00      0.00      0.00      1143
    admiration       0.00      0.00      0.00       439
     annoyance       0.00      0.00      0.00       970
     confusion       0.00      0.00      0.00      1537
      optimism       0.00      0.00      0.00       585
    excitement       0.00      0.00      0.00       303
        caring       0.00      0.00      0.00       597
       remorse       0.00      0.00      0.00       317
           joy       0.00      0.00      0.00      1409
      approval       0.00      0.00      0.00        58
 embarrassment       0.00      0.00      0.00       814
      surprise       0.00      0.00      0.00      1004
     curiosity       0.00      0.00      0.00       187
         anger       0.32      1.00      0.49     11067
         grief       0.00      0.00      0.00       914
       disgust       0.00      0.00      0.00       157
         pride       0.00      0.00      0.00       972
        desire       0.00      0.00      0.00       156
        relief       0.00      0.00      0.00       272
          fear       0.00      0.00      0.00       795
   nervousness       0.00      0.00      0.00       691

      accuracy                           0.32     34364
     macro avg       0.01      0.04      0.02     34364
  weighted avg       0.10      0.32      0.16     34364
